correct_num: 10
total: 10
Accuracy: 0.9090909090909091
Execution time: 140.58780694007874 seconds
correct_num: 8
total: 10
Accuracy: 0.7272727272727273
Execution time: 143.49038672447205 seconds
correct_num: 0
total: 10
Accuracy: 0.0
Execution time: 145.22692942619324 seconds
correct_num: 8
total: 10
Accuracy: 0.7272727272727273
Execution time: 156.03965783119202 seconds
